%YAML:1.0
cameraMatrix: !!opencv-matrix
   rows: 3
   cols: 3
   dt: d
   data: [1470.786168058344, 0, 1010.390821668168, 0, 1463.305522462068, 560.4243500040371, 0, 0, 1]
distortionCoefficients: !!opencv-matrix
   rows: 1
   cols: 5
   dt: d
   data: [0.06771448913849056, -0.15665198643755, 0.005570128819912279, 0.005858361222879496, 0]
rotation: !!opencv-matrix
   rows: 3
   cols: 3
   dt: d
   data: [ 1., 0., 0., 0., 1., 0., 0., 0., 1. ]
projection: !!opencv-matrix
   rows: 4
   cols: 4
   dt: d
   data: [ 1.0682054759742900e+03, 0., 9.6410018828461182e+02, 0., 0.,
       1.0682239822401439e+03, 5.3852215533769015e+02, 0., 0., 0., 1.,
       0., 0., 0., 0., 1. ]
